0.500000000000000
0.499999999452127
0.499999991234030
0.499999955622279
0.499999859744492
0.499999657579350
0.499999289956627
0.499998684557258
0.499997755913451
0.499996405408882
0.499994521278981
0.499991978611354
0.499988639346368
0.499984352277937
0.499978953054554
0.499972264180615
0.499964095018085
0.499954241788561
0.499942487575785
0.499928602328683
0.499912342864977
0.499893452875464
0.499871662929011
0.499846690478367
0.499818239866861
0.499786002336078
0.499749656034601
0.499708866027918
0.499663284309583
0.499612549813748
0.499556288429161
0.499494113014743
0.499425623416858
0.499350406488403
0.499268036109825
0.499178073212206
0.499080065802530
0.498973548991289
0.498858045022537
0.498733063306560
0.498598100455293
0.498452640320629
0.498296154035790
0.498128100059900
0.497947924225932
0.497755059792177
0.497548927497426
0.497328935620014
0.497094480040912
0.496844944311040
0.496579699722990
0.496298105387329
0.495999508313686
0.495683243496807
0.495348634007763
0.494994991090529
0.494621614264113
0.494227791430452
0.493812798988277
0.493375901953150
0.492916354083894
0.492433398015623
0.491926265399590
0.491394177050067
0.490836343098492
0.490251963155084
0.489640226478172
0.489000312151443
0.488331389269363
0.487632617130968
0.486903145442288
0.486142114527616
0.485348655549856
0.484521890740190
0.483660933637303
0.482764889336381
0.481832854748137
0.480863918868092
0.479857163056346
0.478811661328067
0.477726480654948
0.476600681277847
0.475433317030851
0.474223435676990
0.472970079255840
0.471672284443219
0.470329082923226
0.468939501772825
0.467502563859204
0.466017288250120
0.464482690637443
0.462897783774101
0.461261577924649
0.459573081329635
0.457831300683974
0.456035241629526
0.454183909262036
0.452276308652641
0.450311445384094
0.448288326101890
0.446205959080426
0.444063354804366
0.441859526565339
0.439593491074108
0.437264269088330
0.434870886056024
0.432412372774847
0.429887766067271
0.427296109471748
0.424636453949926
0.421907858609983
0.419109391446108
0.416240130094190
0.413299162603701
0.410285588225800
0.407198518217644
0.404037076662869
0.400800401308215
0.397487644416223
0.394097973633940
0.390630572877530
0.387084643232688
0.383459403870716
0.379754092980122
0.375967968713567
0.372100310149970
0.368150418271551
0.364117616955601
0.360001253980691
0.355800702047064
0.351515359810898
0.347144652932111
0.342688035135349
0.338144989283798
0.333515028465387
0.328797697090972
0.323992572004030
0.319099263601378
0.314117416964397
0.309046713000227
0.303886869592336
0.298637642759878
0.293298827825191
0.287870260588766
0.282351818510994
0.276743421899947
0.271045035104438
0.265256667711549
0.259378375747806
0.253410262883114
0.247352481636575
0.241205234583223
0.234968775560727
0.228643410875032
0.222229500503909
0.215727459297323
0.209137758173501
0.202460925309547
0.195697547325408
0.188848270459972
0.181913801738012
0.174894910126690
0.167792427680275
0.160607250671682
0.153340340709445
0.145992725838640
0.138565501624295
0.131059832215738
0.123476951390336
0.115818163575028
0.108084844844001
0.100278443890861
0.0924004829735774
0.0844525588304788
0.0764363435655182
0.0683535855010098
0.0602061099960018
0.0519958202284187
0.0437246979390775
0.0353948041356552
0.0270082797546518
0.0185673462793746
0.0100743063119356
0.00153154409723724
-0.00705847400310637
-0.0156931990889817
-0.0243699993542145
-0.0330861597753419
-0.0418388818588425
-0.0506252834489616
-0.0594423985982839
-0.0682871775032105
-0.0771564865065101
-0.0860471081691158
-0.0949557414133450
-0.103879001739716
-0.112813421519539
-0.121755450365450
-0.130701455582044
-0.139647722698773
-0.148590456087230
-0.157525779664951
-0.166449737687837
-0.175358295633268
-0.184247341175968
-0.193112685258641
-0.201950063259362
-0.210755136257686
-0.219523492401372
-0.228250648375594
-0.236932050976459
-0.245563078790581
-0.254139043982439
-0.262655194191135
-0.271106714538160
-0.279488729747648
-0.287796306380570
-0.296024455184212
-0.304168133558205
-0.312222248138294
-0.320181657498923
-0.328041174975621
-0.335795571608085
-0.343439579204723
-0.350967893529312
-0.358375177610332
-0.365656065173370
-0.372805164196897
-0.379817060591571
-0.386686322003061
-0.393407501738292
-0.399975142814801
-0.406383782132779
-0.412627954769209
-0.418702198393319
-0.424601057802433
-0.430319089577099
-0.435850866854214
-0.441190984216656
-0.446334062697765
-0.451274754898808
-0.456007750217363
-0.460527780184352
-0.464829623907246
-0.468908113616755
-0.472758140314079
-0.476374659515600
-0.479752697091653
-0.482887355195783
-0.485773818280669
-0.488407359196654
-0.490783345368586
-0.492897245046421
-0.494744633624810
-0.496321200026623
-0.497622753145136
-0.498645228339345
-0.499384693976600
-0.499837358016541
-0.499999574630016
-0.499867850846437
-0.499438853222763
-0.498709414527039
-0.497676540429183
-0.496337416191433
-0.494689413350640
-0.492730096384330
-0.490457229352213
-0.487868782504564
-0.484962938848688
-0.481738100664404
-0.478192895959284
-0.474326184854144
-0.470137065889050
-0.465624882239909
-0.460789227835494
-0.455629953364543
-0.450147172162394
-0.444341265966426
-0.438212890529392
-0.431762981079582
-0.424992757616576
-0.417903730031225
-0.410497703038349
-0.402776780910520
-0.394743372001205
-0.386400193045441
-0.377750273226125
-0.368796957993957
-0.359543912629015
-0.349995125531910
-0.340154911232443
-0.330027913103728
-0.319619105769705
-0.308933797194065
-0.297977630438644
-0.286756585079405
-0.275276978268280
-0.263545465429217
-0.251569040576940
-0.239355036247127
-0.226911123026845
-0.214245308674359
-0.201365936817632
-0.188281685221113
-0.175001563610710
-0.161534911047138
-0.147891392838213
-0.134080996981006
-0.120114030125169
-0.106001113049198
-0.0917531756418282
-0.0773814513812381
-0.0628974713052781
-0.0483130574664367
-0.0336403158658712
-0.0188916288613836
-0.00407964704488889
0.0107827194144574
0.0256823099645978
0.0406057234047960
0.0555393281614386
0.0704692731063084
0.0853814989174620
0.100261749981992
0.115095586839116
0.129868399161157
0.144565419269077
0.159171736178277
0.173672310169476
0.188051987878422
0.202295517897281
0.216387566879457
0.230312736138589
0.244055578731400
0.257600617013002
0.270932360652138
0.284035325092780
0.296894050447304
0.309493120805402
0.321817183941671
0.333850971403714
0.345579318961379
0.356987187396626
0.368059683612299
0.378782082036944
0.389139846301593
0.399118651163302
0.408704404649034
0.417883270392319
0.426641690134000
0.434966406357196
0.442844485025525
0.450263338392498
0.457210747848936
0.463674886774184
0.469644343355863
0.475108143341915
0.480055772687700
0.484477200059979
0.488362899158731
0.491703870816864
0.494491664837108
0.496718401524579
0.498376792872824
0.499460163360462
0.499962470314977
0.499878323799649
0.499203005979140
0.497932489918864
0.496063457772908
0.493593318315021
0.490520223766998
0.486843085878679
0.482561591213773
0.477676215595746
0.472188237668208
0.466099751524432
0.459413678361016
0.452133777111105
0.444264654013125
0.435811771071645
0.426781453367678
0.417180895176625
0.407018164852974
0.396302208441974
0.385042851979639
0.373250802443762
0.360937647319991
0.348115852748559
0.334798760218885
0.321000581781006
0.306736393744687
0.292022128839031
0.276874566807495
0.261311323415475
0.245350837849924
0.229012358492927
0.212315927053719
0.195282361046314
0.177933234602685
0.160290857614325
0.142378253198036
0.124219133484873
0.105837873734368
0.0872594847794723
0.0685095838110136
0.0496143635139628
0.0306005595713377
0.0114954165552190
-0.00767334777194481
-0.0268775797188091
-0.0460887284585943
-0.0652778863198808
-0.0844158305361472
-0.103473066411485
-0.122419871855920
-0.141226343239763
-0.159862442512320
-0.178298045526306
-0.196502991505200
-0.214447133586779
-0.232100390372023
-0.249432798404617
-0.266414565502313
-0.283016124857522
-0.299208189820682
-0.314961809276158
-0.330248423516775
-0.345039920519494
-0.359308692521243
-0.373027692790588
-0.386170492487657
-0.398711337501667
-0.410625205152461
-0.421887860639675
-0.432475913120580
-0.442366871295218
-0.451539198375257
-0.459972366311000
-0.467646909149197
-0.474544475392803
-0.480647879232507
-0.485941150518870
-0.490409583343116
-0.494039783094176
-0.496819711859360
-0.498738732036200
-0.499787648023375
-0.499958745859410
-0.499245830678895
-0.497644261857381
-0.495150985717850
-0.491764565673766
-0.487485209686152
-0.482314794914967
-0.476256889448220
-0.469316770995813
-0.461501442439036
-0.452819644130908
-0.443281862847244
-0.432900337293378
-0.421689060076876
-0.409663776062372
-0.396841977030840
-0.383242892572122
-0.368887477146435
-0.353798393257831
-0.337999990690173
-0.321518281764126
-0.304380912581924
-0.286617130235265
-0.268257745960567
-0.249335094235013
-0.229882987816244
-0.209936668738340
-0.189532755286628
-0.168709184984118
-0.147505153632720
-0.125961050463016
-0.104118389457106
-0.0820197369199358
-0.0597086353855285
-0.0372295239556410
-0.0146276551795408
0.00805099140522283
0.0307597989399643
0.0534516059776333
0.0760788021278348
0.0985934264496375
0.120947268416821
0.143091971269417
0.164979137554836
0.186560436651487
0.207787714057729
0.228613102219114
0.248989132657491
0.268868849156302
0.288205921747794
0.306954761239499
0.325070634009577
0.342509776793289
0.359229511176133
0.375188357502973
0.390346147906969
0.404664138157181
0.418105118019513
0.430633519822155
0.442215524913915
0.452819167701871
0.462414436953587
0.470973374048811
0.478470167866104
0.484881245991252
0.490185361936632
0.494363678063985
0.497399843907197
0.499280069596886
0.499993194094732
0.499530747952583
0.497887010319520
0.495059059929181
0.491046819809766
0.485853095470282
0.479483606328728
0.471947010161040
0.463254920363727
0.453421915838239
0.442465543321110
0.430406312000928
0.417267680281054
0.403076034565783
0.387860659967269
0.371653702850964
0.354490125158562
0.336407650469373
0.317446701783712
0.297650331035192
0.277064140362659
0.255736195196953
0.233716929242545
0.211059041459404
0.187817385176075
0.164048849490863
0.139812233144133
0.115168111070953
0.0901786938695773
0.0649076804475301
0.0394201041331209
0.0137821725661724
-0.0119388982926877
-0.0376750556695638
-0.0633575866123410
-0.0889172993397131
-0.114284708867194
-0.139390226450325
-0.164164352363433
-0.188537871511316
-0.212442051351348
-0.235808841584738
-0.258571075058125
-0.280662669300505
-0.302018828105680
-0.322576242557134
-0.342273290880536
-0.361050236499044
-0.378849423658302
-0.395615469981585
-0.411295455310980
-0.425839106187932
-0.439198975325929
-0.451330615429652
-0.462192746718610
-0.471747417519149
-0.479960157296865
-0.486800121511817
-0.492240227691610
-0.496257282132440
-0.498832096655469
-0.499949594865594
-0.499598907381634
-0.497773455531257
-0.494471023030571
-0.489693815197175
-0.483448505276550
-0.475746267494950
-0.466602796487362
-0.456038312786566
-0.444077554098781
-0.430749752132729
-0.416088594792109
-0.400132173586344
-0.382922916160896
-0.364507503896398
-0.344936774575069
-0.324265610163378
-0.302552809811401
-0.279860948221716
-0.256256219593836
-0.231808267403820
-0.206590000332823
-0.180677394712522
-0.154149283909703
-0.127087135126252
-0.0995748141445083
-0.0716983386009704
-0.0435456204235467
-0.0152061981187464
0.0132290403548389
0.0416681433419740
0.0700183890435526
0.0981865859902210
0.126079379517664
0.153603563283899
0.180666394831106
0.207175914159403
0.233041264247863
0.258173012429093
0.282483471498078
0.305887019414023
0.328300416435451
0.349643118514509
0.369837585765952
0.388809584820088
0.406488483867108
0.422807539202762
0.437704172092465
0.451120234782669
0.463002264504813
0.473301724338392
0.481975229825751
0.488984760262101
0.494297853619965
0.497887784107853
0.499733721408259
0.499820870690171
0.498140592546009
0.494690502062164
0.489474546296042
0.482503059500525
0.473792795508871
0.463366936769209
0.451255079597556
0.437493195301664
0.422123566914582
0.405194701366433
0.386761217015209
0.366883706552106
0.345628575393683
0.323067855771670
0.299278996831106
0.274344631148385
0.248352318182229
0.221394265272314
0.193567026901685
0.164971183039900
0.135710997483576
0.105894057209142
0.0756308938488406
0.0450345884947694
0.0142203611266088
-0.0166948539537641
-0.0475928452138622
-0.0783545719619652
-0.108860621777141
-0.138991675607024
-0.168628978778438
-0.197654816107740
-0.225952989246039
-0.253409294349330
-0.279911998125726
-0.305352310281392
-0.329624850364070
-0.352628106988388
-0.374264887420710
-0.394442755503462
-0.413074455909679
-0.430078322738321
-0.445378670489708
-0.458906165498277
-0.470598175947022
-0.480399098644197
-0.488260660808319
-0.494142195182025
-0.498010886878827
-0.499841990459128
-0.499619015832778
-0.497333881694766
-0.492987035317987
-0.486587537652145
-0.478153112810322
-0.467710161164104
-0.455293735414048
-0.440947479154017
-0.424723527605138
-0.406682370357111
-0.386892676120722
-0.365431079665105
-0.342381931285701
-0.317837009323402
-0.291895196431140
-0.264662120460531
-0.236249761017169
-0.206776022908068
-0.176364277877606
-0.145142876198462
-0.113244629850270
-0.0808062691805729
-0.0479678750988821
-0.0148722890046641
0.0183354972071961
0.0515089685851635
0.0845007293998998
0.117163157542913
0.149349068219035
0.180912384012266
0.211708808322095
0.241596499097397
0.270436739738509
0.298094603995145
0.324439611659510
0.349346371840254
0.372695210604656
0.394372779793571
0.414272643846827
0.432295841525909
0.448351419486053
0.462356934731538
0.474238923085663
0.483933330920780
0.491385907523507
0.496552555615542
0.499399637711053
0.499904236166928
0.498054364971636
0.493849131521569
0.487298846849578
0.478425082998431
0.467260676470973
0.453849676938060
0.438247240643737
0.420519468213541
0.400743186845065
0.379005677138677
0.355404345109361
0.330046340206559
0.303048120456239
0.274534966126826
0.244640443606409
0.213505821461527
0.181279440925991
0.148116043340318
0.114176057326623
0.0796248487389600
0.0446319366731843
0.00937017905230991
-0.0259850684787808
-0.0612568164128974
-0.0962673238721601
-0.130838995441872
-0.164795287908715
-0.197961622337723
-0.230166296816955
-0.261241395115832
-0.291023686444204
-0.319355511464832
-0.346085649703013
-0.371070163514113
-0.394173213813303
-0.415267842842042
-0.434236719343179
-0.450972841640897
-0.465380194273002
-0.477374354001084
-0.486883041228328
-0.493846613084819
-0.498218494695122
-0.499965545422127
-0.499068357183251
-0.495521482259244
-0.489333588360365
-0.480527539078336
-0.469140398233468
-0.455223357022891
-0.438841583286102
-0.420073992625880
-0.399012941553997
-0.375763843269697
-0.350444707122304
-0.323185603255189
-0.294128054373992
-0.263424357025072
-0.231236835207870
-0.197737029574710
-0.163104825890714
-0.127527526832462
-0.0911988715940238
-0.0543180081404379
-0.0170884232990920
0.0202831637937669
0.0575879390735044
0.0946161556641586
0.131158314400019
0.167006356210283
0.201954859650855
0.235802236728881
0.268351920065266
0.299413534379224
0.328804045258230
0.356348878197552
0.381883000956434
0.405251962383660
0.426312881013738
0.444935376926417
0.461002440596330
0.474411232735692
0.485073809450518
0.492917767388359
0.497886803952082
0.499941188087831
0.499058137624219
0.495232099641829
0.488474930884813
0.478815975787089
0.466302040271447
0.450997260087656
0.432982863082062
0.412356825432661
0.389233422536438
0.363742675896172
0.336029698017702
0.306253937991884
0.274588331093861
0.241218356381564
0.206341006911222
0.170163677805817
0.132902978008574
0.0947834721233410
0.0560363592831986
0.0168980964933573
-0.0223910256392019
-0.0615883464527957
-0.100450329340085
-0.138734077375339
-0.176198861139543
-0.212607649201496
-0.247728631549288
-0.281336726162905
-0.313215058876648
-0.343156406701559
-0.370964594863928
-0.396455837966947
-0.419460015899155
-0.439821875395162
-0.457402148500704
-0.472078579604509
-0.483746853171937
-0.492321414848395
-0.497736179191298
-0.499945117935428
-0.498922723394341
-0.494664342346585
-0.487186376545585
-0.476526346821860
-0.462742818610731
-0.445915187632771
-0.426143325372433
-0.403547084936644
-0.378265668823866
-0.350456861088601
-0.320296127340510
-0.287975586964246
-0.253702862879480
-0.217699815073369
-0.180201165023371
-0.141453018980255
-0.101711298892381
-0.0612400905169548
-0.0203099189754346
0.0208040373375275
0.0618237829946820
0.102470379912018
0.142465847403601
0.181535075096673
0.219407735609905
0.255820183706552
0.290517328533664
0.323254465550884
0.353799054839263
0.381932432663577
0.407451443440932
0.430169979644114
0.449920417639115
0.466554938021101
0.479946719669371
0.489990997486625
0.496605974617397
0.499733580850317
0.499340069893895
0.495416449270000
0.487978737686626
0.477068045925074
0.462750478498559
0.445116854601525
0.424282248163040
0.400385348134506
0.373587641472318
0.344072422610351
0.312043634545427
0.277724547971166
0.241356286181797
0.203196204717477
0.163516135926258
0.122600509765515
0.0807443632470480
0.0382512519367367
-0.00456892215845905
-0.0474021511538664
-0.0899326144101289
-0.131845007704815
-0.172826891436198
-0.212571040458443
-0.250777777888942
-0.287157275100880
-0.321431800119680
-0.353337896784289
-0.382628477313718
-0.409074811336933
-0.432468394999025
-0.452622684446745
-0.469374678819427
-0.482586338822475
-0.492145828035514
-0.497968565299207
-0.499998077826899
-0.498206646091108
-0.492595733031387
-0.483196191709011
-0.470068247184386
-0.453301250103128
-0.433013201234060
-0.409350047993630
-0.382484755802955
-0.352616158941554
-0.319967597371661
-0.284785347793739
-0.247336858943228
-0.207908802835272
-0.166804955294084
-0.124343920651963
-0.0808567169560050
-0.0366842393646193
0.00782537936175701
0.0523194912830476
0.0964437176791178
0.139844773703123
0.182173310942238
0.223086755089348
0.262252115658709
0.299348744593099
0.334071020713258
0.366130937255404
0.395260570229682
0.421214406011459
0.443771507445731
0.462737498798791
0.477946351125304
0.489261951025608
0.496579437338805
0.499826292041717
0.498963173490007
0.493984482132684
0.484918650939985
0.471828154991447
0.454809236958852
0.433991347569444
0.409536302529580
0.381637159807954
0.350516823600528
0.316426383705527
0.279643201405301
0.240468755261672
0.199226262461181
0.156258093476403
0.111922999818266
0.0665931765232978
0.0206511827296225
-0.0255132547707137
-0.0715065287749487
-0.116934502347296
-0.161405894658709
-0.204535673038192
-0.245948421850149
-0.285281658628577
-0.322189067972249
-0.356343624039338
-0.387440573076596
-0.415200248276374
-0.439370690371354
-0.459730048746287
-0.476088739460265
-0.488291338421941
-0.496218190031006
-0.499786713877171
-0.498952394556148
-0.493709442301298
-0.484091114919066
-0.470169694433093
-0.452056114861794
-0.429899240651479
-0.403884798434833
-0.374233967954890
-0.341201641158994
-0.305074361596423
-0.266167959318185
-0.224824899448576
-0.181411365446647
-0.136314100773189
-0.0899370351979952
-0.0426977242964223
0.00497636723101498
0.0526517059506052
0.0998926197758749
0.146265282449142
0.191341716182543
0.234703775586573
0.275947075719349
0.314684827138664
0.350551541236645
0.383206569885603
0.412337444522167
0.437662981240225
0.458936120243832
0.475946470117474
0.488522529788296
0.496533563765126
0.499891109221296
0.498550096718177
0.492509569817148
0.481812992469812
0.466548136877672
0.446846548439109
0.422882588417458
0.394872059031743
0.363070419752625
0.327770607640817
0.289300478553684
0.248019889928051
0.204317449583519
0.158606958542054
0.111323579188271
0.0629197631643712
0.0138609761696437
-0.0353787407151932
-0.0843213314635295
-0.132489363869622
-0.179410701909354
-0.224623166073713
-0.267679135609649
-0.308150046610476
-0.345630740364224
-0.379743617296139
-0.410142553228726
-0.436516536523031
-0.458592986946826
-0.476140719823055
-0.488972522124830
-0.496947310676345
-0.499971846462909
-0.498001983214531
-0.491043432868620
-0.479152035197802
-0.462433523764360
-0.441042785386696
-0.415182615426308
-0.385101976375005
-0.351093772388990
-0.313492157525661
-0.272669400436963
-0.229032333106124
-0.183018415830298
-0.135091454998260
-0.0857370142406969
-0.0354575631937244
0.0152325886300707
0.0658125225647606
0.115760053492426
0.164557130107161
0.211695237071898
0.256680742710924
0.299040135776660
0.338325095318450
0.374117338767614
0.406033195034716
0.433727851683389
0.456899228084994
0.475291429848577
0.488697743733306
0.496963136652056
0.499986227225559
0.497720703601213
0.490176166859203
0.477418385235846
0.459568950540994
0.436804334470099
0.409354348946288
0.377500021105524
0.341570899988678
0.301941818357672
0.259029139237534
0.213286522732653
0.165200254304206
0.115284180960775
0.0640743066415135
0.0121231024011625
-0.0400064092164309
-0.0917467330553849
-0.142532078387476
-0.191804567184524
-0.239020405567705
-0.283655949991709
-0.325213600090265
-0.363227451240722
-0.397268641797834
-0.426950332591072
-0.451932259657422
-0.471924805265921
-0.486692537045676
-0.496057170412588
-0.499899915449842
-0.498163175874950
-0.490851574655852
-0.478032288148673
-0.459834678242520
-0.436449219830187
-0.408125728891554
-0.375170904489798
-0.337945205948231
-0.296859094305318
-0.252368674745430
-0.204970783981965
-0.155197573439003
-0.103610645452090
-0.0507948055069984
0.00264850131854631
0.0561079971205862
0.108969544911574
0.160623210306405
0.210470330198320
0.257930506469628
0.302448442724772
0.343500542934361
0.380601192742130
0.413308647004698
0.441230450887366
0.464028326497437
0.481422462558027
0.493195150957306
0.499193721087310
0.499332730639789
0.493595379871569
0.482034125197660
0.464770477218596
0.441993977834330
0.413960360830421
0.380988910128975
0.343459039660032
0.301806128410384
0.256516653528076
0.208122673285045
0.157195720113846
0.104340171727505
0.0501861754004145
-0.00461779326324351
-0.0594126504079924
-0.113536611834240
-0.166333194418858
-0.217159214546669
-0.265392686017300
-0.310440520040848
-0.351745931283953
-0.388795456473881
-0.421125495799778
-0.448328292236779
-0.470057269917490
-0.486031659726824
-0.496040348328937
-0.499944895762008
-0.497681676460100
-0.489263108970760
-0.474777950612090
-0.454390644724079
-0.428339719879146
-0.396935252282657
-0.360555414468939
-0.319642145131422
-0.274695986367547
-0.226270145620016
-0.174963850010767
-0.121415070451425
-0.0662927017406503
-0.0102882926999979
0.0458925728588926
0.101539138003009
0.155944466799487
0.208414457219025
0.258276757881048
0.304889473689010
0.347649546871458
0.386000702891949
0.419440855101671
0.447528867846177
0.469890584946123
0.486224038977077
0.496303766482857
0.499984165060670
0.497201840028839
0.487976900988816
0.472413181868784
0.450697371821863
0.423097058473455
0.389957699288640
0.351698551075207
0.308807601662833
0.261835561414961
0.211388985251182
0.158122608103369
0.102730988024526
0.0459395613521317
-0.0115047767541289
-0.0688434455631648
-0.125316178978652
-0.180171121494165
-0.232674886020972
-0.282122438805928
-0.327846677550151
-0.369227571545252
-0.405700737150936
-0.436765328210040
-0.461991128973373
-0.481024746702966
-0.493594812229461
-0.499516109228079
-0.498692566695355
-0.491119063886191
-0.476882012619423
-0.456158698177946
-0.429215376801582
-0.396404144773006
-0.358158611098385
-0.314988422550232
-0.267472706136009
-0.216252509649940
-0.162022335632142
-0.105520877582230
-0.0475210794504508
0.0111803499295039
0.0697738268646315
0.127448039597553
0.183401199076655
0.236852237871976
0.287051800517621
0.333292869859155
0.374920877479944
0.411343151954139
0.442037566475847
0.466560257262093
0.484552295909289
0.495745212458855
0.499965281127925
0.497136497291854
0.487282192148625
0.470525250312939
0.447086915123909
0.417284186435026
0.381525835807641
0.340307084062919
0.294203005772194
0.243860744193600
0.189990638112098
0.133356378737453
0.0747643300025370
0.0150521590423157
-0.0449230648965213
-0.104297135556660
-0.162211164240297
-0.217824044781431
-0.270324747884969
-0.318944264448601
-0.362967020778862
-0.401741594540165
-0.434690568781428
-0.461319372379255
-0.481223968589659
-0.494097268946292
-0.499734167281347
-0.498035107942228
-0.489008123069854
-0.472769295804113
-0.449541629177113
-0.419652323916379
-0.383528492065492
-0.341691356887977
-0.294749012597342
-0.243387839700170
-0.188362692805073
-0.130485997306449
-0.0706159090839601
-0.00964370697566851
0.0515193989788000
0.111955849900113
0.170755509586687
0.227029418874309
0.279923324732051
0.328630777336030
0.372405592869392
0.410573487435611
0.442542698167034
0.467813421236884
0.485985912870467
0.496767118383868
0.499975715498167
0.495545481387005
0.483526917782890
0.464087094630785
0.437507699848003
0.404181310320157
0.364605926912310
0.319377843574629
0.269182947143095
0.214786569755459
0.157022039510100
0.0967780966994491
0.0349853622852587
-0.0273979380832305
-0.0894007775711321
-0.150054431856346
-0.208407648770523
-0.263541646305745
-0.314584701794810
-0.360726099205811
-0.401229209354756
-0.435443489356634
-0.462815202668863
-0.482896679437041
-0.495353958281480
-0.499972674861174
-0.496662089168404
-0.485457172146879
-0.466518702456111
-0.440131355559718
-0.406699799306049
-0.366742842289235
-0.320885713011574
-0.269850578697109
-0.214445442021866
-0.155551581534336
-0.0941097266711187
-0.0311051805884709
0.0324478768658563
0.0955226581779464
0.157096349650838
0.216166738231630
0.271768613270400
0.322989673885379
0.368985678116029
0.408994579940086
0.442349414402492
0.468489709375209
0.486971224585735
0.497473844202325
0.499807478064629
0.493915858162325
0.479878150702175
0.457908339533173
0.428352373251616
0.391683105388311
0.348493094076373
0.299485363891520
0.245462267531055
0.187312618050964
0.125997292934290
0.0625335387737476
-0.00202177068279029
-0.0665896504013839
-0.130087005527562
-0.191444819229976
-0.249626221741539
-0.303644134555044
-0.352578188044732
-0.395590620267176
-0.431940879246438
-0.460998670483517
-0.482255215477227
-0.495332515348277
-0.499990445788016
-0.496131545004367
-0.483803394542042
-0.463198533189008
-0.434651885978438
-0.398635732852103
-0.355752284142294
-0.306723971919042
-0.252381606703833
-0.193650587351925
-0.131535387361030
-0.0671025728245399
-0.00146263511298067
0.0642490553968954
0.128891850081916
0.191339640184342
0.250500548224016
0.305336147693943
0.354879871095541
0.398254277465173
0.434686867538693
0.463524157366809
0.484243749199878
0.496464171375099
0.499952296238707
0.494628186212171
0.480567262280785
0.457999735697498
0.427307291754420
0.389017063241185
0.343792979821002
0.292424627141293
0.235813795191907
0.174958938388683
0.110937809289411
0.0448885629923055
-0.0220103405597208
-0.0885610845458994
-0.153567923166027
-0.215858707105344
-0.274306118960680
-0.327848232744037
-0.375508020314101
-0.416411443257594
-0.449803791148894
-0.475063955928624
-0.491716366910892
-0.499440351089184
-0.498076728291841
-0.487631499573052
-0.468276539164787
-0.440347254441770
-0.404337233695092
-0.360889957065239
-0.310787700729695
-0.254937817352786
-0.194356625885774
-0.130151190092315
-0.0634993067648058
0.00437193933662612
0.0722086669844760
0.138753326668161
0.202768040186154
0.263057718622586
0.318492525947173
0.368029263837590
0.410731269719665
0.445786444239340
0.472523056056686
0.490423010477292
0.499132313362818
0.498468512215370
0.488424951420494
0.469171737371687
0.441053370514566
0.404583064107181
0.360433832518206
0.309426493980488
0.252514792689426
0.190767901814519
0.125350621257282
0.0575016307877969
-0.0114898004339358
-0.0803082138464013
-0.147637011774121
-0.212183682268528
-0.272704715207672
-0.328029728048477
-0.377084330622597
-0.418911278569771
-0.452689494123507
-0.477750570542476
-0.493592421883282
-0.499889792244154
-0.496501397133653
-0.483473533162964
-0.461040059641355
-0.429618725598870
-0.389803886928278
-0.342355729348941
-0.288186182352888
-0.228341775815494
-0.163983753196842
-0.0963658119501053
-0.0268098917082168
0.0433195270241771
0.112642117512335
0.179788874654705
0.243429222071193
0.302297520991250
0.355218450731296
0.401130748385498
0.439108823573597
0.468381802248241
0.488349601011418
0.498595689281074
0.498896259959380
0.489225598796579
0.469757517091907
0.440862790282576
0.403102624812528
0.357218255855559
0.304116857376049
0.244854022034854
0.180613140015014
0.112682071450459
0.0424275653915938
-0.0287320721329064
-0.0993555185053028
-0.168007611667738
-0.233288574471839
-0.293862690665551
-0.348485843068591
-0.396031342731766
-0.435513508009521
-0.466108494013309
-0.487171925127749
-0.498252945206114
-0.499104370546662
-0.489688708426445
-0.470179887308021
-0.440960632174177
-0.402615508020012
-0.355919744505433
-0.301824043278955
-0.241435654666244
-0.175996090463072
-0.106855912753867
-0.0354471033896796
0.0367464264453877
0.108219583528656
0.177477462295901
0.243066684081131
0.303606048176521
0.357815845916002
0.404545211665727
0.442796920710024
0.471749092937461
0.490773322063737
0.499448821718233
0.497572260668346
0.485163048143000
0.462463924842605
0.429936813836557
0.388253986091868
0.338284695721831
0.281077538044230
0.217838877070597
0.149907776058054
0.0787279433044717
0.00581727367567965
-0.0672643771609926
-0.138948505505489
-0.207691650033754
-0.272008736442287
-0.330505354379088
-0.381908261799148
-0.425093444403272
-0.459111105233825
-0.483207020940864
-0.496839775512574
-0.499693467905079
-0.491685585263234
-0.472969836319190
-0.443933847921319
-0.405191739168462
-0.357571699892049
-0.302098810784849
-0.239973448870837
-0.172545721859641
-0.101286465960147
-0.0277554218372879
0.0464327293029202
0.119643734649828
0.190259771791293
0.256715291478054
0.317531905878112
0.371351541721570
0.416967109908177
0.453349992291967
0.479673711555364
0.495333230053574
0.499959416618718
0.493428324616266
0.475865037825159
0.447641960519278
0.409371551838281
0.361893629407060
0.306257490393577
0.243699216986289
0.175614644893690
0.103528575318947
0.0290609005308322
-0.0461096115236614
-0.120283069002995
-0.191776898394255
-0.258964108678061
-0.320310505961518
-0.374410003971647
-0.420017212333004
-0.456076540123022
-0.481747125734914
-0.496422994084691
-0.499747946783464
-0.491624807808451
-0.472218773885454
-0.441954752426027
-0.401508707434391
-0.351793172176119
-0.293937223391267
-0.229261342264786
-0.159247709154635
-0.0855065893057505
-0.00973956276264557
0.0662995689476935
0.140845306080163
0.212161470150300
0.278581766860093
0.338548942754886
0.390651611191094
0.433657870374867
0.466544904417091
0.488523846158298
0.499059286086542
0.497882932700747
0.485001063468752
0.460695549066957
0.425518383575559
0.380279806257321
0.326030252875022
0.264036522583095
0.195752686700986
0.122786394722984
0.0468613475524231
-0.0302231947143085
-0.106634925588765
-0.180552025027329
-0.250206679484006
-0.313927548517357
-0.370180154315735
-0.417604212248361
-0.455046986259804
-0.481591841269349
-0.496581273817484
-0.499633829601832
-0.490654459374761
-0.469838019639539
-0.437665788053372
-0.394895031548726
-0.342541833886354
-0.281857554561360
-0.214299448641918
-0.141496123312194
-0.0652086379329192
0.0127118330281426
0.0903687637492177
0.165866389842535
0.237356051109608
0.303081630839623
0.361422971560863
0.410936188134703
0.450389866978820
0.478796233622280
0.495436487683338
0.499879642072676
0.491994358565092
0.471953441183248
0.440230828042177
0.397591107064467
0.345071766757729
0.283958575436038
0.215754656289825
0.142143987141930
0.0649501984119612
-0.0139083330388706
-0.0924659962104360
-0.168758892745128
-0.240874001544603
-0.306997329743271
-0.365459834542739
-0.414779947118968
-0.453701606378905
-0.481226815133186
-0.496641861903306
-0.499536505049431
-0.489815588532205
-0.467702746223393
-0.433736049644385
-0.388755657411388
-0.333883728380688
-0.270497059331137
-0.200193096873537
-0.124750147216859
-0.0460827618536858
0.0338065919952540
0.112878363801573
0.189107969272286
0.260537730260044
0.325327371003992
0.381801763636673
0.428494676766128
0.464187374480977
0.487941037242140
0.499122127908963
0.497420001946979
0.482856256360060
0.455785522203698
0.416887625351866
0.367151263883727
0.307849572242311
0.240508156393811
0.166866384920792
0.0888329029370368
0.00843649397363958
-0.0722264548268557
-0.151046530446188
-0.225956497129731
-0.294985680316454
-0.356312097410793
-0.408310949954579
-0.449598177199091
-0.479067891561571
-0.495922669137439
-0.499695849604508
-0.490265204978731
-0.467857560557630
-0.433044188256401
-0.386727036233872
-0.330116102802073
-0.264698500615245
-0.192199982632629
-0.114539908201421
-0.0337808100994099
0.0479261236121042
0.128398219931789
0.205479628717334
0.277099211407846
0.341326453813222
0.396423887670556
0.440894588392916
0.473523438496983
0.493411004679688
0.499999067488747
0.493087061142604
0.472838921646345
0.439780097606917
0.394784743264606
0.339053380105550
0.274081574753524
0.201620429483710
0.123629910748692
0.0422262441126980
-0.0403752248495350
-0.121920169810993
-0.200176795782238
-0.272997047093859
-0.338375830337388
-0.394506613502702
-0.439831850173402
-0.473086808738113
-0.493335557945565
-0.499998067428369
-0.492867619656379
-0.472117991864234
-0.438300145797455
-0.392328452052913
-0.335456766418307
-0.269244959876197
-0.195516773855542
-0.116310120228214
-0.0338211643312303
0.0496562874421295
0.131794431661099
0.210296382746285
0.282960549577927
0.347742666590954
0.402813724796473
0.446612150597755
0.477888730044318
0.495742969517946
0.499649815730086
0.489475922146262
0.465484938376189
0.428331605723769
0.379044757452443
0.318999637524039
0.249880257659256
0.173632800756293
0.0924113406179915
0.00851737586506411
-0.0756651369686489
-0.157737425585365
-0.235354304161457
-0.306291384982022
-0.368509168811657
-0.420212158894716
-0.459901272904493
-0.486418007247561
-0.498979034170094
-0.497200178027547
-0.481109015572601
-0.451145667876399
-0.408151689423009
-0.353347303370177
-0.288297571054060
-0.214868408655834
-0.135173664981175
-0.0515147425558799
0.0336855283976161
0.117952874074304
0.198833404375458
0.273965200322225
0.341147570692792
0.398405940205839
0.444050444883477
0.476726480861119
0.495455676396942
0.499666027094092
0.489210243871993
0.464371703258705
0.425857750385649
0.374780476194132
0.312625460942474
0.241209335168461
0.162627346077728
0.0791924217049242
-0.00663251219872947
-0.0923069949491029
-0.175288149874303
-0.253106241912297
-0.323438427634029
-0.384178489487883
-0.433500450306465
-0.469914132078375
-0.492310950227920
-0.499998514902979
-0.492722936128744
-0.470678090790525
-0.434501495737619
-0.385256831461208
-0.324403562866360
-0.253754495526485
-0.175422475555097
-0.0917577774796448
-0.00527801677689315
0.0814073372259585
0.165675594298277
0.244970257159326
0.316878811056192
0.379206516432539
0.430043937065775
0.467826110986148
0.491381511654492
0.499969245525963
0.493303280668162
0.471562889321417
0.435388903653598
0.385865815957817
0.324490189047292
0.253126266284871
0.173950070411053
0.0893836435732495
0.00202139617883005
-0.0854492107702680
-0.170330234824050
-0.249996540444282
-0.321977234521147
-0.384032716579433
-0.434224929663981
-0.470978592252972
-0.493131456452013
-0.499971965562856
-0.491263065251177
-0.467251345549846
-0.428661142996510
-0.376673699447111
-0.312891942045742
-0.239291902813698
-0.158162221983736
-0.0720335629331199
0.0163999040764122
0.104364528010762
0.189094101680518
0.267916964291986
0.338340537091489
0.398130609476475
0.445382840453419
0.478584169215457
0.496662132370010
0.499020455000172
0.485559707147299
0.456682283452506
0.413281457132244
0.356714764712663
0.288762479002975
0.211572408617473
0.127592707414051
0.0394947719480612
-0.0499113636441002
-0.137766469202678
-0.221253557202459
-0.297688395766907
-0.364606183182875
-0.419841574748672
-0.461599447771573
-0.488514071328876
-0.499694705715735
-0.494756081428960
-0.473832685921220
-0.437576303183896
-0.387136790063199
-0.324126616789330
-0.250570229883854
-0.168839796032815
-0.0815793391126049
0.00838032586343449
0.0981131418709347
0.184692892160494
0.265288730497384
0.337258038727001
0.398233557529941
0.446201903352120
0.479570847647782
0.497223085952988
0.498554653133350
0.483496633982461
0.452519359505087
0.406618851271029
0.347285860548740
0.276458426311318
0.196459427481386
0.109921111453687
0.0196990258109113
-0.0712218520793778
-0.159825715128179
-0.243166006046447
-0.318463655200061
-0.383200194868756
-0.435202616945659
-0.472717095833787
-0.494469051174192
-0.499707465123018
-0.488231882196511
-0.460401089647418
-0.417123084281919
-0.359826557473792
-0.290414752984242
-0.211203151052268
-0.124842986686669
-0.0342331010732998
0.0575769646249920
0.147489408625839
0.232462708103929
0.309614732231210
0.376320926953148
0.430304213826583
0.469713504455505
0.493188098609774
0.499905696442869
0.489612298408233
0.462632872674387
0.419862318896262
0.362736927294456
0.293187200374276
0.213573548371559
0.126606966355117
0.0352573299561954
-0.0573476108278868
-0.148029120358366
-0.233666604370993
-0.311305230055855
-0.378258321378625
-0.432200967776006
-0.471251564575679
-0.494038399339252
-0.499748897085177
-0.488159722606488
-0.459646590283416
-0.415173328818953
-0.356260466340591
-0.284934315498870
-0.203658223635326
-0.115248285635663
-0.0227763741926320
0.0705361962356857
0.161430706434716
0.246724881710709
0.323424575966562
0.388829363185512
0.440628297283543
0.476982422468277
0.496591060070551
0.498739449701003
0.483325963984176
0.450867825156942
0.402485004007658
0.339862750740830
0.265193966293410
0.181103344423725
0.0905558736225893
-0.00324714036331046
-0.0969809069098603
-0.187314875070057
-0.271031187898011
-0.345139651303933
-0.406985099340956
-0.454343282731629
-0.485501792605155
-0.499323044232939
-0.495286968724350
-0.473511772758698
-0.434751902670927
-0.380373162226841
-0.312305754288073
-0.232976815791944
-0.145224764075772
-0.0521984431308035
0.0427553739867334
0.136212127009617
0.224792953022658
0.305287063690705
0.374768576779140
0.430703536338324
0.471043184816802
0.494300024755924
0.499603811556009
0.486735331176080
0.456136612468803
0.408897074810610
0.346715987137104
0.271842482627265
0.186995202260422
0.0952643995981931
1.00442701852364e-14
-0.0953103550132378
-0.187168854151213
-0.272195995817238
-0.347255279085910
-0.409569494249595
-0.456824281474089
-0.487255068527932
-0.499714087900497
-0.493714889317024
-0.469452580235712
-0.427798914941526
-0.370272279975456
-0.298983555748203
-0.216559736675033
-0.126048031206481
-0.0308039069442871
0.0656328338935832
0.159669391221194
0.247793853191420
0.326706642940190
0.393444597119738
0.445492992271254
0.480881257349838
0.498258695951616
0.496947269355534
0.476969335189885
0.439049165560746
0.384588048533141
0.315613771391988
0.234706255704064
0.144902025952545
0.0495810104483750
-0.0476601363685491
-0.143143464436021
-0.233248824229681
-0.314551370557519
-0.383952243644105
-0.438797423941588
-0.476980175983432
-0.497023093176581
-0.498136508397970
-0.480250917144449
-0.444022038124963
-0.390808173941979
-0.322620592630749
-0.242048688917105
-0.152162662125513
-0.0563973276694789
0.0415785736375156
0.138002619432500
0.229163155383036
0.311542407888475
0.381952734533804
0.437660717638266
0.476494243233890
0.496928335843825
0.498146315727514
0.480073780309009
0.443383950142177
0.389474022486122
0.320413300010995
0.238864964744656
0.147984404980021
0.0512979345112227
-0.0474334679586601
-0.144360158047678
-0.235693909543835
-0.317856234315066
-0.387619122850740
-0.442232651332263
-0.479534382234499
-0.498036169206798
-0.496984838115229
-0.476394222177423
-0.437047141618547
-0.380467094207866
-0.308860616496551
-0.225032439561585
-0.132276651305279
-0.0342480461868842
0.0651813466640253
0.162074948075229
0.252587517603010
0.333118073958208
0.400453754938215
0.451898848036790
0.485383778264061
0.499549606813427
0.493804544130773
0.468350077181645
0.424175510602567
0.363020977764089
0.287310240682920
0.200055816609731
0.104740094716132
0.00517709264936283
-0.0946396909515979
-0.190697279460928
-0.279124675314047
-0.356349272256190
-0.419241888133687
-0.465244504744559
-0.492475464432730
-0.499807753347280
-0.486917064652330
-0.454297539796891
-0.403244384457051
-0.335803895937650
-0.254692766504906
-0.163189788183954
-0.0650042271010629
0.0358738880382850
0.135335549428051
0.229320082623809
0.313981179723184
0.385844856412880
0.441952825857815
0.479985340957434
0.498358362954291
0.496290937577134
0.473839859469045
0.431900033615940
0.372170345164027
0.297086269158158
0.209721830886311
0.113664808397488
0.0128701976549110
-0.0885021102060750
-0.186258800959975
-0.276346701435173
-0.355021249564537
-0.419002852774319
-0.465614578506267
-0.492895357900732
-0.499683868221768
-0.485669452374024
-0.451407786708016
-0.398300465996086
-0.328539176880452
-0.245016615748944
-0.151207711583989
-0.0510259793724872
0.0513390989888768
0.151596938188463
0.245535675089653
0.329199422337591
0.399055479503568
0.452144410024360
0.486206572537729
0.499779650783759
0.492262918792574
0.463945359015679
0.415996263386915
0.350418527966313
0.269966434328666
0.178031228058231
0.0784991916475321
-0.0244118942041974
-0.126331052833482
-0.222919660414983
-0.310056371280177
-0.384013530003724
-0.441617497569512
-0.480385961793573
-0.498636245849385
-0.495559835114098
-0.471259761939206
-0.426749061088556
-0.363910169107971
-0.285416818096380
-0.194621596215557
-0.0954138435479466
0.00794614285587399
0.111009564470409
0.209330446948744
0.298657616876896
0.375119034398040
0.435390468804105
0.476841135529513
0.497649868615010
0.496886643636219
0.474555740579563
0.431598481864866
0.369855227341806
0.291988080312754
0.201367479385102
0.101927444750974
-0.00200435624711796
-0.105894423220665
-0.205200991045944
-0.295572752738428
-0.373040036755026
-0.434190019027906
-0.476318201984584
-0.497549390437423
-0.496922696269804
-0.474436655289509
-0.431052273985811
-0.368653666106746
-0.289967808462131
-0.198446759762159
-0.0981173649674714
0.00659506477240703
0.111061416590537
0.210653247391311
0.300948040669082
0.377926140097208
0.438150568739628
0.478921653356908
0.498399448422527
0.495688348955557
0.470879935302268
0.425051934658221
0.360223132515942
0.279266035998545
0.185780992204312
0.0839372125408732
-0.0217123309734728
-0.126433959075511
-0.225525256887676
-0.314526479784157
-0.389421880615644
-0.446821844827095
-0.484117532868936
-0.499600922039506
-0.492544661475374
-0.463237938103731
-0.412976519228141
-0.344007201295675
-0.259428961463688
-0.163055085102100
-0.0592423379152758
0.0473052169978995
0.151748960738461
0.249335418854557
0.335612948678322
0.406635522821566
0.459144250411793
0.490718241078588
0.499887770201309
0.486204388465631
0.450264559654963
0.393685520757810
0.319034242346024
0.229712525034883
0.129803300307805
0.0238850166516810
-0.0831775002777338
-0.186456193595329
-0.281186707802347
-0.362988656156617
-0.428069019645858
-0.473399196506173
-0.496857386721704
-0.497329554129356
-0.474764090296520
-0.430177424325441
-0.365610084472990
-0.284035016880992
-0.189222197099856
-0.0855656271025310
0.0221194030069197
0.128819478699200
0.229556334787453
0.319619393768805
0.394786696730165
0.451523836839425
0.487151477187561
0.499973454241145
0.489359272092356
0.455776899158492
0.400774091196022
0.326908875191403
0.237632225092138
0.137128229415231
0.0301190845687635
-0.0783560514812775
-0.183178025558789
-0.279389350582774
-0.362429152567491
-0.428350248329797
-0.474007983549209
-0.497211742460164
-0.496831761855020
-0.472855964634236
-0.426393875425108
-0.359627182980841
-0.275709053067512
-0.178616750532276
-0.0729643824316125
0.0362154836189789
0.143711035459679
0.244379922588776
0.333395591080667
0.406479433604452
0.460107555749179
0.491682116234477
0.499658844867717
0.483624402671265
0.444319627255962
0.383607290964559
0.304385666420688
0.210451815779070
0.106320969224098
-0.00298948454166905
-0.112201114419740
-0.216029116167183
-0.309438260954745
-0.387887719728907
-0.447552831413173
-0.485512937165176
-0.499895992665965
-0.489972722242916
-0.456195495900504
-0.400179777838756
-0.324628784424879
-0.233204765509700
-0.130352949678864
-0.0210865419409474
0.0892568854694991
0.195275810548845
0.291769299940837
0.373992709310329
0.437891949712306
0.480304708478984
0.499118575088875
0.493378089095455
0.463335200238156
0.410440391250952
0.337274627403509
0.247425220591847
0.145311485329307
0.0359685802504259
-0.0751999548584990
-0.182688847728202
-0.281163791520971
-0.365726683691144
-0.432160194564336
-0.477139410386422
-0.498399867579425
-0.494853408998177
-0.466645847545655
-0.415153293218798
-0.342917045378439
-0.253520021754305
-0.151410635993687
-0.0416826982918559
0.0701778366114355
0.178566728790857
0.278042272471671
0.363599004514068
0.430920512519119
0.476598529916157
0.498307133589347
0.494923061644652
0.466585837777686
0.414694392926148
0.341840065038512
0.251679073837705
0.148750646805074
0.0382497582986053
-0.0742342075558160
-0.182999770057184
-0.282522405603288
-0.367735687140963
-0.434290178312829
-0.478776806323851
-0.498903175523814
-0.493613620722292
-0.463146620266166
-0.409026353227252
-0.333988533326909
-0.241844014455476
-0.137286866768566
-0.0256565030563271
0.0873341576294859
0.195890695122327
0.294434458452849
0.377889847353703
0.441946783244736
0.483284746085205
0.499746661029840
0.490453442389033
0.455853016002713
0.397700992512000
0.318973682216313
0.223717646330743
0.116843287918243
0.00387292570394391
-0.109343789705267
-0.216932494079048
-0.313299124500843
-0.393421485400224
-0.453112135639557
-0.489238779153273
-0.499890483076506
-0.484480810977563
-0.443782204738515
-0.379889510528742
-0.296114238086857
-0.196814775731686
-0.0871711654102988
0.0270840063969263
0.139964682811572
0.245544809764627
0.338269803375502
0.413249625325761
0.466517961382671
0.495243701701211
0.497883363014362
0.474266148572017
0.425606854569980
0.354445619300285
0.264517374895353
0.160557597307991
0.0480543592473012
-0.0670404098512063
-0.178625320485152
-0.280772998043305
-0.368045488087449
-0.435784783005685
-0.480362896974193
-0.499377989236485
-0.491785841171700
-0.457959385779029
-0.399672791855409
-0.320010618777080
-0.223206568129216
-0.114420150716343
0.000537042975295071
0.115511017604857
0.224334537459191
0.321158192251838
0.400765581729461
0.458855597810939
0.492276465172297
0.499198719984436
0.479217531792815
0.433378536047932
0.364125444986724
0.275171923079471
0.171304322670773
0.0581256525029449
-0.0582456104239135
-0.171505735998776
-0.275507194486566
-0.364592856842290
-0.433904748381656
-0.479650451859599
-0.499312473547363
-0.491788916925302
-0.457457493354545
-0.398159040888442
-0.317101098103433
-0.218686451854891
-0.108275706980428
0.00810341554739504
0.124084361337672
0.233309773830380
0.329780265857735
0.408184784318399
0.464194333346719
0.494702742417267
0.498000996410854
0.473875234965062
0.423622685588705
0.349984293439639
0.256997404195644
0.149776291821145
0.0342323538168078
-0.0832508031492423
-0.196169587147060
-0.298260548741463
-0.383848468542307
-0.448163026435153
-0.487606320622030
-0.499956146836330
-0.484493445933452
-0.442046492372794
-0.374948999188918
-0.286914102988442
-0.182830899164912
-0.0684945592990185
0.0497151666747586
0.165189296533972
0.271459056315788
0.362558770455220
0.433361818433996
0.479870682642789
0.499444594473451
0.490951710085323
0.454836927390075
0.393101161163834
0.309192862078178
0.207817519273076
0.0946755450730234
-0.0238569606533023
-0.141086765699218
-0.250381264075813
-0.345544131863559
-0.421167585008627
-0.472941162342464
-0.497899322523592
-0.494593529056800
-0.463178717326539
-0.405408857120111
-0.324541472935323
-0.225156171211763
-0.112897152907879
0.00584592151463935
0.124300753931717
0.235698368412984
0.333660232647690
0.412564386704658
0.467869515421662
0.496378205431652
0.496424022499677
0.467971341700132
0.412621820992065
0.333526747109838
0.235209896560720
0.123310732489532
0.00426240011449064
-0.115077182041769
-0.227820037576054
-0.327445959268184
-0.408180458492838
-0.465330882229818
-0.495561055113401
-0.497088268175471
-0.469790858781121
-0.415219757243099
-0.336512921249114
-0.238217219786051
-0.126027736063891
-0.00645931754336532
0.113530776241470
0.226947330930518
0.327165251288584
0.408317434511855
0.465639686984655
0.495752327460065
0.496861724255210
0.468869621078242
0.413383451926346
0.333626621204370
0.234253594389014
0.121080262825631
0.000745081457036456
-0.119679369786919
-0.233101731951802
-0.332829752157116
-0.412966068296863
-0.468758435740757
-0.496883513254325
-0.495647149871144
-0.465088970450178
-0.406984664233274
-0.324745410432458
-0.223219972788671
-0.108410799581365
0.0128793700347587
0.133449679462487
0.246128389172453
0.344199843833890
0.421805733862512
0.474296619737844
0.498512536201186
0.492975623606823
0.457982906698390
0.395593254231671
0.309508856966920
0.204857881456017
0.0878909139342118
-0.0343909572810268
-0.154654380156122
-0.265673365452006
-0.360763959626695
-0.434187790397122
-0.481500056469787
-0.499820760410898
-0.488012508189455
-0.446753755835470
-0.378502643862603
-0.287353149669290
-0.178791810486336
-0.0593693292243850
0.0636933973783057
0.182941216934367
0.291136352187130
0.381698368697706
0.449105698083492
0.489234141814453
0.499611495147796
0.479572436985012
0.430303832377783
0.354777230378139
0.257572209853756
0.144600911527851
0.0227501858827443
-0.100537092858340
-0.217716166471383
-0.321602309575996
-0.405812234771787
-0.465157817632530
-0.495967768349361
-0.496317185780472
-0.466150496997299
-0.407289776437902
-0.323327459510874
-0.219409586487166
-0.101922495067982
0.0218980968083888
0.144411789571224
0.258044712705347
0.355758205172634
0.431485938575407
0.480512270249511
0.499768125406237
0.488025709960468
0.445979547547096
0.376208338122813
0.283019520957819
0.172185734413209
0.0505891428206048
-0.0742045789087115
-0.194416318827715
-0.302538497841059
-0.391804702288080
-0.456614558057470
-0.492887082975822
-0.498320102785830
-0.472539093452070
-0.417125665516705
-0.335523411467493
-0.232826527310308
-0.115464012554195
0.00920111829132627
0.133332736947324
0.249113833486382
0.349239183955393
0.427377381741832
0.478572945089760
0.499562857509234
0.488987183632599
0.447480006238532
0.377634440864196
0.283843432432024
0.172025922359711
0.0492552939625264
-0.0766867097962845
-0.197802555017483
-0.306386840163143
-0.395517315571640
-0.459497662620796
-0.494223620151365
-0.497448798366034
-0.468932809519410
-0.410461778180614
-0.325739403628992
-0.220155018433104
-0.100442991900102
0.0257451438890732
0.150328770491867
0.265315395420263
0.363313914889466
0.438010937316115
0.484579395444014
0.499992884853761
0.483225110133034
0.435321124922548
0.359335255772537
0.260139178369731
0.144112016476946
0.0187320147045766
-0.107904205305634
-0.227603985233291
-0.332608906307745
-0.416098666406816
-0.472635772164532
-0.498521946115155
-0.492042745357677
-0.453584043273275
-0.385612283629074
-0.292519246146798
-0.180340892539891
-0.0563681163840324
0.0713256431927882
0.194409418076425
0.304838269071585
0.395379922650981
0.460089963459642
0.494704264678421
0.496922613296418
0.466564498895757
0.405586333279782
0.317958417084362
0.209409178294524
0.0870529716366040
-0.0410745324773146
-0.166543141542139
-0.281082648555193
-0.377128594876611
-0.448323235089337
-0.489938439721054
-0.499192274779100
-0.475437896755688
-0.420211752981858
-0.337137335604690
-0.231690294798574
-0.110839940843220
0.0174095590595018
0.144548210615031
0.262124560602151
0.362308000503492
0.438411564816152
0.485340239724642
0.499934600162219
0.481186435438072
0.430311461170571
0.350673694177494
0.247565959726776
0.127860647647678
-0.000446412318397904
-0.128768817011169
-0.248503772625534
-0.351609230371545
-0.431145234268271
-0.481742964446615
-0.499969651243802
-0.484564394336202
-0.436528498424672
-0.359063664917189
-0.257361608513102
-0.138258711168787
-0.00977850407403141
0.119407544675686
0.240564792117144
0.345486336713780
0.427050093550701
0.479704140925787
0.499847139910777
0.486077596136875
0.439294519851699
0.362642059911603
0.261301265668287
0.142142550923400
0.0132619854072465
-0.116567434841202
-0.238492443057310
-0.344183544980318
-0.426405219194027
-0.479513166777468
-0.499844311959320
-0.485972438700233
-0.438811427297994
-0.361558419191450
-0.259480183802399
-0.139556740480747
-0.0100061597761906
0.120277252853759
0.242333080423039
0.347751412185571
0.429253503052189
0.481196305437670
0.499965771469324
0.484231341151103
0.435043495554358
0.355767020741712
0.251853960758008
0.130471355321892
8.98816868632982e-06
-0.130499193066225
-0.252000180477507
-0.356050315320375
-0.435403357607783
-0.484517174842838
-0.499943482934701
-0.480573051926310
-0.427718733212665
-0.345029891789059
-0.238243560984333
-0.114789061740718
0.0167268564161320
0.147118817992730
0.267263997173552
0.368740939149561
0.444421260461072
0.488972561235007
0.499236921857323
0.474457929825762
0.416339701933522
0.328933104402239
0.218356510389785
0.0923701181353368
-0.0401667421979839
-0.169917500535059
-0.287725865046534
-0.385262680025899
-0.455616379793248
-0.493785075126253
-0.497035078121925
-0.465099968406463
-0.400205484429529
-0.306917806518039
-0.191825318325295
-0.0630758026173398
0.0701986013406694
0.198528224618591
0.312778734627671
0.404802234019359
0.468020120637723
0.497895891767380
0.492263739126209
0.451488922980698
0.378447824353564
0.278328412308572
0.158264715558127
0.0268308339078474
-0.106569796066450
-0.232376495563615
-0.341556814631475
-0.426256219261752
-0.480365183269912
-0.499962600972874
-0.483603149721509
-0.432427320408229
-0.350085514136041
-0.242480969385701
-0.117349375861634
0.0162950981704473
0.148807853717540
0.270609494052254
0.372878901468380
0.448193576252292
0.491070651548894
0.498368989094584
0.469522660861283
0.406588228802012
0.314101682437405
0.198754712151611
0.0689131816286615
-0.0659877478148443
-0.196128248840305
-0.312018614655659
-0.405192178015208
-0.468825703661430
-0.498241666375960
-0.491255256561753
-0.448340146599669
-0.372600201005821
-0.269548469822582
-0.146708935851813
-0.0130695555412411
0.121573824992396
0.247334906084072
0.354963228010481
0.436525941770612
0.485994716068681
0.499694201724711
0.476578483645668
0.418314486666619
0.329165454467098
0.215682354481614
0.0862252906859545
-0.0496503249493910
-0.181897929381536
-0.300722492600248
-0.397306842931651
-0.464467717077972
-0.497192593856665
-0.493017005705365
-0.452213696335423
-0.377778855940985
-0.275215698193253
-0.152130733243034
-0.0176721140212238
0.118148662554859
0.245201532812975
0.353993770460507
0.436380590191042
0.486177160631607
0.499625876630091
0.475683372404220
0.416105103646079
0.325320403374975
0.210106602064314
0.0790859232816745
-0.0579177174095732
-0.190614188638996
-0.309019921726241
-0.404209969064692
-0.468992625183994
-0.498455480054033
-0.490341245772532
-0.445224361622379
-0.366474300453415
-0.260007556883368
-0.133846287003240
0.00248372039700643
0.138670751027179
0.264396597627139
0.370118847652389
0.447796681178459
0.491504863202561
0.497888867173953
0.466425939461506
0.399471524887915
0.302086724630843
0.181659120862985
0.0473451093487680
-0.0906243790782010
-0.221722275496363
-0.335928740532158
-0.424498187715137
-0.480631159946267
-0.499999282679859
-0.481082545057914
-0.425292366826075
-0.336870222810694
-0.222568777841383
-0.0911392185362015
0.0473365343831072
0.182217951985520
0.303123329644654
0.400729748835247
0.467493864045217
0.498237647395086
0.490553400601065
0.444996100057920
0.365047433436948
0.256853469900720
0.128755427614189
-0.00935089532050516
-0.146778032725491
-0.272873414604026
-0.377845701272212
-0.453526745866613
-0.494009765994786
-0.496113669957585
-0.459636787878080
-0.387379489889905
-0.284933084514246
-0.160250593946332
-0.0230320810312068
0.116028184032476
0.246074435993440
0.356937230991495
0.439930131577167
0.488532739672519
0.498906185745990
0.470200076955666
0.404626080094624
0.307291516372638
0.185805156781296
0.0496853544920549
-0.0903836814536695
-0.223389524427344
-0.338857492329686
-0.427676832367598
-0.482821869617626
-0.499910864083962
-0.477557883134158
-0.417489150418888
-0.324413822107939
-0.205658517344766
-0.0705936638220796
0.0701036758564691
0.205292683599446
0.324250928802880
0.417525932824603
0.477688441347285
0.499927209611242
0.482437446699557
0.426571274070224
0.336737361648068
0.220056828296662
0.0858019504678669
-0.0553383413286442
-0.192108186880764
-0.313582300778857
-0.410039710191157
-0.473743774190793
-0.499565733639504
-0.485401301590411
-0.432346171120061
-0.344615500973621
-0.229212915896301
-0.0953746911905887
0.0461670395341876
0.184043479933293
0.307162101204791
0.405600021224624
0.471405809769176
0.499244771376127
0.486835104689235
0.435138990181129
0.348292295944791
0.233277643343117
0.0993663461213828
-0.0426264543096702
-0.181213822260724
-0.305166038981775
-0.404421484206154
-0.470905433041711
-0.499189975039684
-0.486940884870293
-0.435114361592153
-0.347886740802464
-0.232321945000523
-0.0978028161840797
0.0447281729354328
0.183657596147901
0.307647089896171
0.406559672834943
0.472290617388013
0.499434605821955
0.485734008998018
0.432270811380437
0.343385547462914
0.226328921384517
0.0906737313809872
-0.0524654898518267
-0.191341716182547
-0.314539289232143
-0.411913334393989
-0.475427345372188
-0.499819610489209
-0.483042965104625
-0.426440809933866
-0.334643937651014
-0.215195693633968
-0.0779354698508135
0.0658093669498125
0.204156956317308
0.325653020862777
0.420220378427202
0.479997088024317
0.499993333090934
0.478511894116858
0.417296461915483
0.321394506127029
0.198745089993741
0.0595249487081045
-0.0846935881470973
-0.221903352069375
-0.340662108424111
-0.431048098896751
-0.485491449900826
-0.499411576764325
-0.471606634607652
-0.404361576140905
-0.303264782891227
-0.176747595441593
-0.0353843442381374
0.108989282079885
0.244266213357826
0.359083602051063
0.443778840370556
0.491205429864337
0.497339594895089
0.461625854838945
0.387031537478925
0.279804617713798
0.148954257922493
0.00549690342583772
-0.138469242074111
-0.270783776853382
-0.380251841967603
-0.457593139163422
-0.496231625664354
-0.492858445746641
-0.447719597974935
-0.364602979786122
-0.250524856517679
-0.115141324780745
0.0300661878882707
0.172762930806702
0.300808206186132
0.403289218798072
0.471453289559286
0.499458622523950
0.484878960939360
0.428918205393598
0.336315654744371
0.214948887961566
0.0751671878248545
-0.0710884017597274
-0.211303794440455
-0.333462569535557
-0.427077068877690
-0.484091302356454
-0.499577720541109
-0.472167296171559
-0.404175026929397
-0.301409008450758
-0.172678406479407
-0.0290416460021520
0.117141312624374
0.253271588110654
0.367597616939919
0.450231336253119
0.494006297660816
0.495102999749147
0.453386552785933
0.372426458731067
0.259195692660004
0.123474048128075
-0.0229935476859731
-0.167511577544567
-0.297533863446854
-0.401753633744372
-0.471088947933757
-0.499477412878598
-0.484410369913313
-0.427159135186099
-0.332672516264300
-0.209153405975181
-0.0673502864113155
0.0803754884474989
0.221125927220851
0.342592574158291
0.434134292735567
0.487712166367382
0.498599151191664
0.465801519440504
0.392154147807798
0.284080168210622
0.151034927593488
0.00468201844108917
-0.142127111493746
-0.276480893718111
-0.386543831339158
-0.462601116267646
-0.497919302348735
-0.489346510951867
-0.437598317670104
-0.347203001876095
-0.226109828097623
-0.0849938313891571
0.0636824394118340
0.206768009814567
0.331586611300199
0.427061001095583
0.484698640182851
0.499350797651804
0.469676910606608
0.398271938883815
0.291444241822307
0.158662540812709
0.0117200602090463
-0.136310677724979
-0.272239975052599
-0.383936769913419
-0.461413272179694
-0.497721275063640
-0.489579427787154
-0.437674479745690
-0.346608440218620
-0.224495177119071
-0.0822413889529895
0.0674246899788428
0.211090614998066
0.335861606625887
0.430519292302065
0.486533072386410
0.498832697762350
0.466271757865872
0.391739315048932
0.281908437421568
0.146643058257357
-0.00188451490456070
-0.150286801330341
-0.285167079470140
-0.394329495108714
-0.467883977272438
-0.499145670299674
-0.485246786128849
-0.427404495580607
-0.330819420231148
-0.204212678886340
-0.0590422676122436
0.0915311734410804
0.233836107642539
0.354931575827467
0.443785655273949
0.492283446958730
0.495972228951919
0.454474994210743
0.371533551438411
0.254676007871969
0.114537720912253
-0.0361034256980283
-0.183490212803743
-0.314142037554125
-0.416089010127281
-0.479971124588832
-0.499901345203739
-0.474012690819855
-0.404638070217327
-0.298105127367455
-0.164163644871892
-0.0150968922878216
0.135402425951692
0.273488987813721
0.386439169744064
0.463825525635022
0.498482830562798
0.487175886374279
0.430906456155193
0.334829773379899
0.207787032785234
0.0614958032708762
-0.0905278816402128
-0.234216867912863
-0.356254685282330
-0.445311334609496
-0.493098227543852
-0.495143776776374
-0.451216685787422
-0.365356432675643
-0.245506802281874
-0.102785231903008
0.0495452348454285
0.197306628671627
0.326725353695047
0.425717375316959
0.485019266290988
0.499058999036584
0.466484267867576
0.390297814949800
0.277585794223950
0.138863241257546
-0.0129033305167369
-0.163505695421136
-0.298823388459248
-0.406148557265192
-0.475381809975930
-0.499986304947160
-0.477609608081140
-0.410313733465567
-0.304390420215719
-0.169777662371795
-0.0191311400348825
0.133363056131485
0.273323272426271
0.387529212655831
0.465172856348242
0.498884814941288
0.485438336043960
0.426063282209496
0.326339070044442
0.195675318469704
0.0464280681926500
-0.107265815261470
-0.250826375639605
-0.370613983883266
-0.455227152142891
-0.496591081899228
-0.490732708378860
-0.438167437300963
-0.343859461104869
-0.216758030357417
-0.0689525002972917
0.0854744869882503
0.231787196146725
0.356002984158017
0.446230290422211
0.493810243798367
0.494151993806967
0.447180773383558
0.357354490945222
0.233245842885581
0.0867286044683157
-0.0681550998492350
-0.216538807916116
-0.344158552054733
-0.438725588324223
-0.491112773439504
-0.496239767299358
-0.453570805594156
-0.367175795516068
-0.245347411499908
-0.0998096860951442
0.0554068267494204
0.205315733494141
0.335421495693773
0.433122515478143
0.488934670484849
0.497416219956489
0.457703481608417
0.373604068910553
0.253237197876995
0.108254500893222
-0.0472843386370280
-0.198272981551484
-0.330025240404523
-0.429704916321259
-0.487579332896546
-0.497973873495619
-0.459833501702129
-0.376835216501925
-0.257039004812126
-0.112109873495971
0.0438144211120219
0.195500401078384
0.328106741678780
0.428637717388831
0.487219756771365
0.498075431822119
0.460098393562207
0.376971548766744
0.256815393157138
0.111399520001950
-0.0450066145600341
-0.197031817750904
-0.329713404686609
-0.429971223848170
-0.487900125888678
-0.497752879148879
-0.458515578764783
-0.374017440587901
-0.252562630328844
-0.106118960090245
0.0508577693413041
0.202848655516387
0.334805574970122
0.433642490390923
0.489536257144913
0.496907327214212
0.454982014196229
0.367879149439245
0.244210986508493
0.0962364536759426
-0.0613504801435617
-0.212877934568244
-0.343254451525626
-0.439473610362050
-0.491914765757450
-0.495309513666492
-0.449276355413541
-0.358368779254169
-0.231630389620627
-0.0816999746914814
0.0764454111259008
0.226984705258910
0.354835546666276
0.447167118546160
0.494691209665125
0.492601254254231
0.441063954751659
0.345212671210020
0.214641643484755
0.0624503069964045
-0.0960675796141179
-0.244959156804128
-0.369218101484678
-0.456299063575383
-0.497387872102884
-0.488298548551073
-0.429905360074721
-0.328064774477576
-0.193033575067163
-0.0384403810882088
0.120086764424909
0.266498859977995
0.385951184958857
0.466310689976397
0.499392248787897
0.481797425411442
0.415269302948576
0.306525773188197
0.166586574756469
0.00966093108861423
-0.148292378179715
-0.291186892254553
-0.404447578610159
-0.476500086999858
-0.499957719672609
-0.472383977031884
-0.396551434590544
-0.280168889940011
-0.135102993479241
0.0238275952943452
0.180363422086631
0.318466975426882
0.423966990255084
0.486015612736901
0.498208293634803
0.459250346979071
0.373100252984982
0.248573314523266
0.0984447245743810
-0.0618572298362932
-0.215834553475432
-0.347617245561356
-0.443600652600083
-0.493853376563050
-0.493149693775592
-0.441518673352889
-0.344251723888818
-0.211366076106135
-0.0565779867615390
0.104109598306235
0.254059860331133
0.377724877585976
0.462259933325379
0.498861533322096
0.483689361043732
0.418275094748597
0.309373980472719
0.168272839390991
0.00962479788197236
-0.150069436034763
-0.294176660372313
-0.407664489409193
-0.478672181393779
-0.499754561213585
-0.468668135846724
-0.388615840352040
-0.267923130261830
-0.119177509572748
0.0420801465947809
0.198976856583405
0.335072513172847
0.436084017678870
0.491387603270280
0.495140990668288
0.446906352427712
0.351707069326500
0.219510537786931
0.0641896305720414
-0.0979295219436776
-0.249781800548602
-0.375359613808787
-0.461402523644061
-0.498801416691953
-0.483568126522101
-0.417266751765381
-0.306859412574599
-0.163980922852542
-0.00371732251682759
0.156983994073024
0.301105329040094
0.413361750972733
0.481825051193745
0.499195750113122
0.463587038700769
0.378735874645506
0.253617015539928
0.101499167011437
-0.0614580792314235
-0.217918596570731
-0.351213743152180
-0.447119942088061
-0.495380077004033
-0.490805592114449
-0.433840346173858
-0.330524322891780
-0.191859211022021
-0.0326418338362530
0.130111414013307
0.278981728260076
0.398012768532858
0.474423531693355
0.499985079889518
0.471912369273539
0.393173936186974
0.272184372233563
0.121910726518206
-0.0415128883334909
-0.200514948591766
-0.337975290182256
-0.439070040014087
-0.492873732344117
-0.493545091770520
-0.440967252302402
-0.340771609031998
-0.203740821135993
-0.0446535713271285
0.119305714257117
0.270401458860149
0.392265874718382
0.471674583336576
0.499986026360202
0.474087534223409
0.396743878177940
0.276308623054851
0.125827672085020
-0.0383694349656230
-0.198438853557099
-0.336960986229204
-0.438837724425351
-0.492941584029187
-0.493336228295694
-0.439933958045120
-0.338516696595773
-0.200116222138915
-0.0398193799493147
0.124872904678618
0.275954727187455
0.396884348440012
0.474397984484939
0.499969079152683
0.470752031706573
0.389905305801821
0.266256564106462
0.113344575804388
-0.0520587683427298
-0.211785482315246
-0.348266634269895
-0.446466574518200
-0.495543111803567
-0.490049924948775
-0.430547286087261
-0.323551938100612
-0.180829636706215
-0.0181064511479373
0.146660602019310
0.295263805402681
0.411257651757642
0.481781801730762
0.498991696591945
0.460937163971513
0.371789958397983
0.241393019689471
0.0841793924621200
-0.0824210996176292
-0.239912006901310
-0.370783749781241
-0.460462488804046
-0.498937220266626
-0.481882988319987
-0.411153574589247
-0.294586840553950
-0.145142338627255
0.0205346227751346
0.183963910475688
0.326891022421864
0.433327443143774
0.491342696809236
0.494406856507492
0.442131868337817
0.340326838898697
0.200359010402816
0.0378899682391931
-0.128873033800614
-0.281215816427631
-0.402017995907584
-0.477679811744696
-0.499657896703110
-0.465436040349824
-0.378819971322238
-0.249520916041067
-0.0920727081244394
0.0757974785832652
0.235162636426563
0.368029770858175
0.459373540391964
0.498839605758123
0.481924123949821
0.410494388814733
0.292589706456399
0.141522883343168
-0.0256179795730046
-0.189899353580013
-0.332686215606035
-0.437757384522615
-0.493151979469443
-0.492536411971364
-0.435935077799972
-0.329739728119368
-0.185994283695997
-0.0210343445757209
0.146365554135881
0.297127234908791
0.414044043508013
0.483747800268261
0.498242340989927
0.455827163299672
0.361303778277575
0.225439016968822
0.0637444722353479
-0.105290240467447
-0.262309667170534
-0.389309104629613
-0.471701728279419
-0.499998641689916
-0.470907824866290
-0.387724017800792
-0.259962611204722
-0.102277379223138
0.0672155768371934
0.229016519908792
0.364485200741739
0.457990420042664
0.498717911436104
0.481926967799927
0.409509122053875
0.289782279569701
0.136541808048576
-0.0325239280173303
-0.197872203631511
-0.340364150887830
-0.443481713495277
-0.495246355305498
-0.489616209058884
-0.427198060415244
-0.315189501247264
-0.166555677289768
0.00146600566174857
0.169361405363853
0.317604801699114
0.428930907738896
0.490349229037882
0.494665351770335
0.441330383395772
0.336517491599677
0.192414315987888
0.0258115304794835
-0.143849668663002
-0.296744567111932
-0.414982277245823
-0.484702455477587
-0.497705300853713
-0.452422544734028
-0.354113694526580
-0.214262227744787
-0.0492402001800460
0.121604157616369
0.278212976443575
0.402174146654709
0.478888932806103
0.499296280359854
0.460949570560006
0.368317118517647
0.232268717495508
0.0688063513550518
-0.102813452880825
-0.262345853616080
-0.390946077874808
-0.473398172020639
-0.499920218284420
-0.467331283191159
-0.379440138930880
-0.246607444677781
-0.0845308125260782
0.0876055442387805
0.249399041586593
0.381646958990337
0.468628063638840
0.499976238624097
0.471922268788053
0.387754283923260
0.257439788673321
0.0964518020966901
-0.0760634410171702
-0.239560843157773
-0.374543016123794
-0.464887757656881
-0.499778320268862
-0.475004824078459
-0.393479491633214
-0.264901812343146
-0.104611189451589
0.0682380199543470
0.232962566879731
0.369824984017854
0.462400831196987
0.499554330288886
0.476784209321307
0.396776354491539
0.269094572869226
0.109044106611856
-0.0641578750531805
-0.229686744789231
-0.367613863661130
-0.461308105710589
-0.499445802645429
-0.477385658048606
-0.397740937898564
-0.270077541939145
-0.109771862927542
0.0638360338316300
0.229772731367677
0.367964865507731
0.461669655498829
0.499508004078699
0.476852737845222
0.396401862249797
0.267864946528247
0.106798106963449
-0.0672734691644119
-0.233219507218759
-0.370869287878159
-0.463465720822951
-0.499710002186568
-0.475146812443190
-0.392719458875312
-0.262424915198751
-0.100108197251475
0.0744593765555929
0.239985605280189
0.376254217523909
0.466596403811031
0.499934624388339
0.472147517909265
0.386586943002396
0.253681401988627
0.0896717750786098
-0.0853682146589121
-0.249986161681382
-0.383980070113955
-0.470880187184764
-0.499978370070851
-0.467654330283074
-0.377833682538462
-0.241518950245658
-0.0754485662647019
0.0999535338419869
0.263087177919003
0.393836120236616
0.476051478692888
0.499551511877254
0.461389464765427
0.366230772788928
0.225790441979917
0.0573974633032832
-0.118138655244376
-0.279097176117619
-0.405534310983343
-0.481757551978784
-0.498278795604039
-0.453002503107588
-0.351499246229455
-0.206328043920013
-0.0354889425123134
0.139804322634919
0.297756544518807
0.418701788993878
0.487555430190111
0.495701319959058
0.442077290514066
0.333321344039045
0.182957598159458
0.00972084095727747
-0.164773542498783
-0.318725014637958
-0.432872786985129
-0.492909442580144
-0.491280343617323
-0.428141768239560
-0.311355341396006
-0.155516700705720
0.0198625572580253
0.192793964375053
0.341567891508457
0.447480674576303
0.497190374098203
0.484403920429360
0.410681502282567
0.285254438477123
0.123876651940070
-0.0531483081042914
-0.223518342113362
-0.365741878030148
-0.461851218209811
-0.499677316730647
-0.474397392967342
-0.389157717801922
-0.254690188278859
-0.0879683347299961
0.0899298514140209
0.256483863338109
0.390581593483519
0.475198325676433
0.499563507030371
0.460538863636831
0.363030634992497
0.219380813337929
0.0478118644716212
-0.129879972043530
-0.291091440820696
-0.415288179012285
-0.486623787349585
-0.495967578481949
-0.442080789816751
-0.331788803475587
-0.179124547461893
-0.00354954779895875
0.172522698355301
0.326586421476866
0.438921696227793
0.495122744178097
0.487951744702938
0.418278788108414
0.294984924350899
0.133837807262221
-0.0445187263786465
-0.217205597744903
-0.362042573948868
-0.460399336801411
-0.499596782398533
-0.474548427331668
-0.388428551392379
-0.252278306364989
-0.0835975358428308
0.0958990617266988
0.263074438918744
0.396351641112996
0.478501737855174
0.498876637877704
0.454796711384266
0.351911446730632
0.203483601193472
0.0286864576548555
-0.149868117609612
-0.309052748198938
-0.428221153128651
-0.491889894798080
-0.491756440644186
-0.427789706309075
-0.308248837973626
-0.148624784078732
0.0303607601420087
0.205441388873465
0.353829353939340
0.456183538257598
0.499135222021446
0.477041186138800
0.392733366303081
0.257164434499409
0.0879924821997006
-0.0927133122568243
-0.261348679488593
-0.395857531949348
-0.478619774562655
-0.498765162935122
-0.453608622770764
-0.349016535006659
-0.198652987774998
-0.0222017135898996
0.157205852314316
0.316020976843457
0.433369757208572
0.493800811493339
0.489326315997640
0.420485934883563
0.296290893927403
0.133052439990251
-0.0477540815647948
-0.222310683761496
-0.367593555127651
-0.464412232976499
-0.499949658656708
-0.469466241766034
-0.376940424463683
-0.234558097029984
-0.0611152016294293
0.120458090657290
0.286126243035316
0.413930532745218
0.486903188019814
0.495326284896732
0.438033873314648
0.322581822321649
0.164259683479094
-0.0159273360932350
-0.194040854629547
-0.346388257367301
-0.452676135771948
-0.498718273240273
-0.478336192515727
-0.394196714335488
-0.257471893034852
-0.0863634389292835
0.0963145471848915
0.266174299941024
0.400510258890847
0.481337411810907
0.497805115860490
0.447661646054785
0.337570758781792
0.182234691945000
0.00243784384172584
-0.177729523170584
-0.334097351910770
-0.445659848798627
-0.497401922331636
-0.482327083888429
-0.402411998853642
-0.268356344023324
-0.0981583102650875
0.0852957036541277
0.257305255696616
0.394681416612651
0.478876009964219
0.498491854431432
0.450833497764283
0.342286394854146
0.187470077883087
0.00727641469617264
-0.173944803717471
-0.331674478013059
-0.444543122104906
-0.497230648592675
-0.482552913214317
-0.402449893458774
-0.267738442599896
-0.0966597831011279
0.0875843431175906
0.259974927566724
0.397072989867376
0.480209626705598
0.498034228865928
0.448072239972281
0.337077592894963
0.180128500321458
-0.00141357489519133
-0.182806498902381
-0.339297863710992
-0.449504323839912
-0.498338288898632
-0.479080756828057
-0.394314527840078
-0.255587019100942
-0.0818453590102981
0.103145298566796
0.274049311559254
0.407430604306500
0.484969956991663
0.495987395550403
0.438921516858374
0.321559724036950
0.159984327958545
-0.0236240929692779
-0.204027039126429
-0.356396030687792
-0.459731815726756
-0.499763696727134
-0.470927962763737
-0.377150109746261
-0.231319677718391
-0.0535266360879670
0.131700500878341
0.298775944563839
0.424591564800264
0.491717011836105
0.490821313279034
0.421978586388560
0.294673983675050
0.126505519022813
-0.0592417801118046
-0.236815956615406
-0.381567708626560
-0.473374784428228
-0.499445079663961
-0.456107156602250
-0.349336458276950
-0.193940582501035
-0.0115133881335528
0.172560484804188
0.332635889293034
0.446381568785932
0.497900282634766
0.479958057958379
0.395008942484337
0.254868869918696
0.0790805612845282
-0.107805468948194
-0.279656395676590
-0.412411568686864
-0.487454924472091
-0.494232131374980
-0.431743621089656
-0.308701113249288
-0.142322068345527
0.0440723906201079
0.224321986264300
0.373097884461208
0.469464502018586
0.499831304386528
0.459877610667512
0.355176673428557
0.200427632929743
0.0173998277778224
-0.168124184411500
-0.329978395121675
-0.445305203486457
-0.497788276095265
-0.479968501102374
-0.394313261335996
-0.252884483959332
-0.0756486632968773
0.112335596367097
0.284457271530699
0.416320310389007
0.489205329560132
0.492733881949454
0.426355144082440
0.299440827729883
0.129971105884342
-0.0580055052011760
-0.237780489915030
-0.383779462803972
-0.475203217889451
-0.498996919666919
-0.451722714366375
-0.340065967936393
-0.179899298400551
0.00596594264338751
0.191023351350553
0.348849828565019
0.456880288062072
0.499639212164958
0.470965514448862
0.374909727153572
0.225171552857184
0.0431544284311493
-0.145087863792723
-0.312577817919202
-0.435281418489713
-0.495561453444377
-0.484720100866084
-0.404263198021139
-0.265701125594591
-0.0889110341944746
0.100707859190723
0.275879770027080
0.411375936679524
0.487651897496440
0.493673534160338
0.428522272771527
0.301544651299469
0.131020799233560
-0.0584598523898360
-0.239539968977675
-0.386043428384606
-0.476762209657752
-0.498532788713710
-0.448154889450732
-0.332871671751589
-0.169337972648719
0.0187778595298081
0.204214388119485
0.360066221966181
0.463690020259067
0.500000000000000